4.775934637286458
5.163159197821243
5.070809606338202
4.885615251299827
4.513988611042336
4.744986382768012
4.977717256746719
4.900965585540976
4.928942807625649
5.058182718494677
4.567962366922506
5.336717009160683
4.752661549888587
4.847982173805398
4.560782371874225
4.556078237187423
4.827680118841296
5.202525377568705
4.960881406288684
5.007427581084427
5.079722703639514
4.47610794751176
4.698192621936122
4.618469918296608
4.737063629611289
4.954691755384996
4.905917306263926
4.972022777915325
4.6736816043575145
5.1282495667244365
5.138648180242635
4.656845753899479
5.08021787571181
5.147066105471651
5.302302550136172
4.68531814805645
4.460757613270611
4.956672443674177
4.689774696707107
4.703887100767517
4.9254766031195825
5.023025501361723
4.819509779648428
4.6325823223570195
4.820995295865313
4.353800445654866
4.726665016093093
4.7041346868036635
4.625649913344887
5.168110918544194
5.228026739291904
5.013617231988117
4.471651398861104
5.223075018568952
5.519930675909879
4.92993315177024
4.876454567962366
4.490467937608318
4.722208467442437
4.930428323842534
4.568705125030948
4.987373112156474
4.899232483287943
4.765040851695964
4.73186432285219
4.678633325080466
4.756870512503095
5.0373854914582825
5.0992820004951716
4.884624907155236
5.052983411735577
4.551869274572914
5.028472394156969
5.220599158207476
4.795246348105966
4.599158207477098
4.806882891804902
5.084922010398613
4.55632582322357
5.411487992077245
4.984649665758851
4.950730378806635
4.938103490963111
5.171081950977965
5.054964100024759
4.927952463481059
4.912849715276059
4.695964347610795
4.364446645209211
5.150284723941569
5.294627383015597
4.5934637286457045
4.590740282248079
4.6543698935380045
4.609309234959148
5.283733597425105
4.78682842287695
4.965833127011637
4.731616736816043
4.967813815300818
4.611537509284477
5.143847487001732
5.172072295122556
4.627630601634068
4.585788561525129
4.95320623916811
4.875959395890073
4.525625154741272
4.348353552859618
5.392176281257736
4.886605595444418
4.612527853429066
4.844268383263184
5.132706115375093
5.0103986135181975
4.801435999009655
5.108442683832632
4.299579103738549
4.943797969794503
5.137410250061896
4.498638276801187
5.04877444912107
4.459767269126021
5.209705372616985
4.9593958900718
5.215399851448378
4.6051002723446395
5.076256499133448
5.01015102748205
4.637781629116117
4.569943055211686
5.159197821242882
5.142361970784847
4.577865808368409
5.169844020797227
4.632582322357019
5.223570190641247
4.334983906907651
4.9519683089873725
4.646942312453577
5.001237930180738
4.629116117850952
4.437236939836593
5.41520178261946
4.310968061401337
4.906412478336221
5.042832384253527
4.990096558554097
5.090121317157712
4.434761079475119
4.7818767021539985
4.849467690022283
4.678385739044318
4.905422134191631
4.723693983659322
5.165635058182717
4.8103490963109685
5.072047536518941
5.0784847734587775
4.649418172815053
4.569200297103243
4.6699678138153
4.31072047536519
4.861846991829661
5.080465461747957
4.337212181232978
4.6615498885862845
4.697945035899975
4.256003961376578
4.660311958405546
4.672443674176777
4.718247090864075
4.617231988115869
5.243377073533053
5.063134439217627
4.779153255756375
5.167368160435751
4.974251052240654
4.785838078732359
4.691507798960138
4.650903689031938
5.128497152760584
4.97870760089131
4.713542956177271
5.164149541965833
5.083931666254023
4.578360980440703
5.255261203268135
4.739291903936618
4.736568457538994
4.8041594454072785
4.637534043079972
4.733349839069076
4.986630354048031
4.3191384005942055
4.548898242139144
5.2369398365932165
4.99900965585541
4.781629116117852
4.347858380787324
4.973755880168358
4.9601386481802425
4.9230007427581075
4.977964842782867
5.08021787571181
4.524139638524387
4.877444912106958
4.174300569447883
4.622926466947264
4.664273334983908
4.976479326565982
4.819509779648428
5.146818519435504
5.271601881653873
5.017578608566477
5.140381282495667
4.9187917801436
4.472394156969547
4.650903689031939
5.036395147313692
4.878435256251548
4.7239415696954685
4.89948006932409
4.759098786828422
4.2287694974003465
4.801435999009656
4.883386976974499
4.7813815300817035
4.702401584550631
4.819757365684575
4.853924238672938
4.770487744491211
5.413716266402576
4.506808615994058
4.640752661549889
4.843525625154741
4.826937360732854
5.033424114879919
4.726912602129239
4.489972765536024
5.238920524882397
4.735330527358257
5.57167615746472
4.782124288190147
4.646199554345134
4.947511760336717
5.189403317652885
4.6828422876949745
4.988363456301065
4.987373112156474
5.0901213171577115
4.650160930923496
4.311958405545926
4.936617974746224
4.866798712552612
5.005199306759098
5.3557811339440455
4.994553107204753
5.232235701906411
4.768011884129735
4.819509779648428
5.101757860856648
4.825451844515969
4.5736568457538995
4.535528596187175
4.795246348105966
4.591730626392671
4.935875216637782
4.571428571428571
4.504827927704877
4.584550631344393
4.724189155731616
5.239663282990839
5.062391681109185
4.723198811587026
4.515474127259223
5.151522654122307
4.583065115127506
4.47511760336717
4.659816786333251
5.2384253528101015
5.57662787818767
4.924486258974994
4.785095320623918
5.0906164892300065
4.638771973260708
4.518445159692993
5.296360485268631
4.666996781381529
4.611537509284476
4.901955929685565
4.42139143352315
5.361228026739292
4.958157959891062
4.92498143104729
4.722703639514731
4.7737063629611285
4.514483783114632
4.962119336469423
4.988363456301064
4.899975241396385
4.980193117108196
4.970537261698441
4.586036147561276
4.775934637286457
5.135677147808863
4.59692993315177
5.082446150037137
4.7534043079970285
4.659569200297103
5.609804407031443
4.685565734092596
4.395642485763802
4.982916563505818
5.0717999504827915
4.542461005199305
4.586531319633573
4.358009408269373
4.889081455805893
5.090368903193861
5.127011636543698
4.855657340925972
4.599405793513245
4.692498143104729
4.938351076999257
4.960633820252538
5.031691012626888
4.2881901460757605
5.476850705620204
4.589254766031195
4.6533795493934145
4.591730626392671
4.948997276553602
5.095815795989107
4.666996781381529
4.78880911116613
4.473632087150284
4.825204258479821
4.623174052983411
4.7331022530329285
5.058182718494677
5.220599158207477
4.705372616984403
4.400841792522901
4.957910373854914
4.948254518445158
4.971280019806883
4.617974746224313
4.757613270611537
4.6355533547907894
4.815795989106214
5.024511017578609
4.824709086407527
4.674176776429809
4.872740777420153
5.274325328051498
5.194355038375836
5.534290666006437
5.013122059915821
4.924981431047289
4.905422134191632
5.058677890566972
4.746471898984897
4.943055211686061
5.311215647437485
4.670215399851448
4.675909878682842
4.819509779648428
4.835107699925724
4.904926962119338
4.996038623421638
5.219113641990592
4.772963604852687
4.976974498638277
4.792275315672196
4.443179004704135
4.629363703887099
5.096806140133696
4.887595939589006
5.001980688289182
4.819014607576133
5.043822728398119
4.616489230007427
5.181480564496163
5.340183213666749
5.093339935627631
4.894033176528843
4.684327803911859
4.6051002723446395
4.4716513988611055
4.728645704382273
4.8809111166130235
4.93191384005942
4.9774696707105734
4.9789551869274575
4.807625649913345
4.785590492696212
4.457538994800694
5.295122555087893
5.526120326813567
4.618222332260461
4.8930428323842525
5.079722703639515
4.672938846249071
4.937608318890814
5.004208962614509
4.816043575142363
5.056202030205497
4.688784352562516
5.223075018568952
4.693240901213172
4.775934637286456
4.710324337707354
4.908393166625402
4.848972517949987
4.526863084922011
5.306759098786827
4.673434018321365
4.8519435503837585
4.781876702153999
5.224065362713542
5.131468185194355
4.942312453577618
4.72988363456301
5.61624164397128
4.794256003961376
4.713295370141124
5.132706115375092
5.009903441445902
4.7702401584550636
4.659321614260956
4.585293389452835
4.781133944045555
4.52884377321119
4.429809358752165
4.788313939093835
4.633820252537756
4.773458776924982
4.85689527110671
5.045308244615004
4.910621440950729
5.039118593711315
5.266402574894776
5.068581332012875
4.829165635058183
4.805892547660312
5.034662045060657
4.4152017826194605
4.907650408516959
5.096310968061402
4.762317405298341
5.32384253528101
4.689031938598662
4.779153255756375
4.888586283733597
4.893538004456548
4.864322852191137
4.743005694478831
5.110918544194107
5.0084179252290175
4.6630354048031695
5.160435751423621
4.6818519435503845
4.931666254023273
4.957662787818768
4.808615994057935
4.861351819757365
4.775191879178014
4.486506561029957
4.731121564743748
4.909631096806141
5.429561772716019
4.573904431790047
4.996781381530082
4.970289675662292
4.741272592225799
4.888586283733598
4.666749195345382
4.870512503094825
4.598167863332507
4.33721218123298
5.163654369893538
4.433275563258232
4.6741767764298086
5.1596929933151765
4.589254766031195
4.442188660559545
4.685565734092597
4.192621936122802
5.162664025748949
4.992572418915574
4.474374845258726
4.567714780886359
5.0203020549641
5.000247586036148
4.110175786085665
5.076008913097301
4.845506313443922
4.946521416192128
4.653131963357266
